{
  "accessors": [
    {
      "bufferView": 2,
      "componentType": 5126,
      "count": 1800,
      "max": [
        12.474760055541992,
        14.709030151367188,
        28.903940200805664
      ],
      "min": [
        -12.474760055541992,
        -7.935949802398682,
        -8.727149963378906
      ],
      "type": "VEC3"
    },
    {
      "bufferView": 2,
      "byteOffset": 21600,
      "componentType": 5126,
      "count": 1800,
      "max": [
        0.9970030784606934,
        0.9999998211860657,
        0.9997528791427612
      ],
      "min": [
        -0.9970030784606934,
        -0.9997401237487793,
        -0.9990164637565613
      ],
      "type": "VEC3"
    },
    {
      "bufferView": 1,
      "componentType": 5126,
      "count": 1800,
      "max": [
        0.9964100122451782,
        0.9996200203895569
      ],
      "min": [
        0.0018700000364333391,
        0.0014900000533089042
      ],
      "type": "VEC2"
    },
    {
      "bufferView": 1,
      "byteOffset": 14400,
      "componentType": 5126,
      "count": 1800,
      "max": [
        0.9964100122451782,
        0.9996200203895569
      ],
      "min": [
        0.0018700000364333391,
        0.0014900000533089042
      ],
      "type": "VEC2"
    },
    {
      "bufferView": 1,
      "byteOffset": 28800,
      "componentType": 5126,
      "count": 1800,
      "max": [
        0.9964100122451782,
        0.9996200203895569
      ],
      "min": [
        0.0018700000364333391,
        0.0014900000533089042
      ],
      "type": "VEC2"
    },
    {
      "bufferView": 0,
      "componentType": 5125,
      "count": 7254,
      "type": "SCALAR"
    }
  ],
  "asset": {
    "extras": {
      "author": "MarcosCaballero (https://sketchfab.com/MarcosCaballero)",
      "license": "CC-BY-4.0 (http://creativecommons.org/licenses/by/4.0/)",
      "source": "https://sketchfab.com/3d-models/zentraedi-lowpoly-d3fcfcd286d94a4db4cdc68c421ec720",
      "title": "Zentraedi LowPoly"
    },
    "generator": "Sketchfab-12.66.0",
    "version": "2.0"
  },
  "bufferViews": [
    {
      "buffer": 0,
      "byteLength": 29016,
      "name": "floatBufferViews",
      "target": 34963
    },
    {
      "buffer": 0,
      "byteLength": 43200,
      "byteOffset": 29016,
      "byteStride": 8,
      "name": "floatBufferViews",
      "target": 34962
    },
    {
      "buffer": 0,
      "byteLength": 43200,
      "byteOffset": 72216,
      "byteStride": 12,
      "name": "floatBufferViews",
      "target": 34962
    }
  ],
  "buffers": [
    {
      "byteLength": 115416,
      "uri": "scene.bin"
    }
  ],
  "images": [
    {
      "uri": "textures/zentraedi_baseColor.png"
    }
  ],
  "materials": [
    {
      "doubleSided": true,
      "name": "zentraedi",
      "pbrMetallicRoughness": {
        "baseColorTexture": {
          "index": 0
        },
        "metallicFactor": 0.0,
        "roughnessFactor": 0.6
      }
    }
  ],
  "meshes": [
    {
      "name": "Plane.003_0",
      "primitives": [
        {
          "attributes": {
            "NORMAL": 1,
            "POSITION": 0,
            "TEXCOORD_0": 2,
            "TEXCOORD_1": 3,
            "TEXCOORD_2": 4
          },
          "indices": 5,
          "material": 0,
          "mode": 4
        }
      ]
    }
  ],
  "nodes": [
    {
      "children": [
        1
      ],
      "matrix": [
        1.0,
        0.0,
        0.0,
        0.0,
        0.0,
        2.220446049250313e-16,
        -1.0,
        0.0,
        0.0,
        1.0,
        2.220446049250313e-16,
        0.0,
        0.0,
        0.0,
        0.0,
        1.0
      ],
      "name": "Sketchfab_model"
    },
    {
      "children": [
        2,
        4,
        6,
        8
      ],
      "name": "Root"
    },
    {
      "children": [
        3
      ],
      "matrix": [
        -0.29086000000000006,
        0.9551700000000001,
        -0.05519000000000001,
        0.0,
        -0.7711,
        -0.19988000000000003,
        0.6045200000000001,
        0.0,
        0.5663900000000001,
        0.21839000000000003,
        0.7946700000000001,
        0.0,
        -7.87233,
        -5.87764,
        8.198939999999999,
        1.0
      ],
      "name": "Lamp.004"
    },
    {
      "name": "Lamp.004"
    },
    {
      "children": [
        5
      ],
      "matrix": [
        -0.29086000000000006,
        0.9551700000000001,
        -0.05519000000000001,
        0.0,
        -0.7711,
        -0.19988000000000003,
        0.6045200000000001,
        0.0,
        0.5663900000000001,
        0.21839000000000003,
        0.7946700000000001,
        0.0,
        -2.2885000000000004,
        4.983420000000001,
        5.903860000000001,
        1.0
      ],
      "name": "Lamp.003"
    },
    {
      "name": "Lamp.003"
    },
    {
      "children": [
        7
      ],
      "matrix": [
        -0.29086000000000006,
        0.9551700000000001,
        -0.05519000000000001,
        0.0,
        -0.7711,
        -0.19988000000000003,
        0.6045200000000001,
        0.0,
        0.5663900000000001,
        0.21839000000000003,
        0.7946700000000001,
        0.0,
        8.55499,
        -5.41356,
        1.70763,
        1.0
      ],
      "name": "Lamp.005"
    },
    {
      "name": "Lamp.005"
    },
    {
      "children": [
        9
      ],
      "matrix": [
        0.09134000000000002,
        0.0,
        -0.0,
        0.0,
        0.0,
        -0.09134000000000002,
        0.0,
        0.0,
        0.0,
        -0.0,
        -0.09134000000000002,
        0.0,
        0.37612000000000007,
        0.40741000000000005,
        2.63452,
        1.0
      ],
      "name": "Plane.003"
    },
    {
      "mesh": 0,
      "name": "Plane.003_0"
    }
  ],
  "samplers": [
    {
      "magFilter": 9729,
      "minFilter": 9987,
      "wrapS": 10497,
      "wrapT": 10497
    }
  ],
  "scene": 0,
  "scenes": [
    {
      "name": "Sketchfab_Scene",
      "nodes": [
        0
      ]
    }
  ],
  "textures": [
    {
      "sampler": 0,
      "source": 0
    }
  ]
}
